181113.500000,1.532325,16.960175,-0.821147,15,0.988950,17.518398,-1.063014,19
181114.000000,1.545206,16.964777,-0.749770,15,0.985735,17.442591,-1.113001,19
181114.500000,1.577867,16.978352,-0.713217,15,0.995821,17.458917,-0.960099,19
181115.000000,1.614864,17.005760,-0.713029,15,1.119948,17.472554,-1.010923,19
181115.500000,1.624080,17.014696,-0.759383,15,1.144540,17.656606,-0.970969,19
181116.000000,1.638442,17.019486,-0.820887,15,0.955577,17.665450,-0.780946,19
181116.500000,1.651609,17.014734,-0.891639,15,0.999523,17.668331,-0.836892,19
181117.000000,1.660249,17.011740,-0.927809,15,1.138264,17.484509,-1.370861,19
181117.500000,1.666539,16.995256,-0.979292,15,1.121728,17.449397,-1.283941,19
181118.000000,1.668602,16.978430,-1.052037,15,1.127635,17.306229,-1.430563,19
181118.500000,1.670899,16.961656,-1.095578,15,1.102467,17.177624,-1.531576,19
181119.000000,1.674224,16.955342,-1.136489,15,1.175396,17.143269,-1.658534,19
181119.500000,1.674567,16.944626,-1.185139,15,1.206866,17.187402,-1.862653,19
181120.000000,1.672659,16.931958,-1.187015,15,1.172491,17.129265,-1.861197,19
181120.500000,1.670762,16.926370,-1.218390,15,1.279450,17.129049,-1.819609,19
181121.000000,1.667897,16.917245,-1.228775,15,1.220995,17.019486,-1.983797,19
181121.500000,1.658506,16.909307,-1.250826,15,1.212620,17.011426,-1.903621,19
181122.000000,1.650241,16.900979,-1.262249,15,1.012596,17.004809,-1.825607,19
181122.500000,1.643167,16.892803,-1.267540,15,1.072715,16.990930,-1.886702,19
181123.000000,1.634431,16.884483,-1.276539,15,1.026160,17.009878,-1.690620,19
181123.500000,1.626503,16.873528,-1.276993,15,1.004643,16.982098,-1.723136,19
181124.000000,1.624142,16.867386,-1.279160,15,0.984787,17.050814,-1.645309,19
181124.500000,1.623951,16.863182,-1.275298,15,1.037813,17.063525,-1.511631,19
181125.000000,1.621488,16.862134,-1.258461,15,1.139614,17.156406,-1.522853,19
181125.500000,1.615719,16.854655,-1.264399,15,1.124247,17.038081,-1.574094,19
181126.000000,1.615187,16.849840,-1.256069,15,1.010088,17.009460,-1.683579,19
181126.500000,1.611081,16.845914,-1.254470,15,1.279999,16.933472,-2.082856,18
181127.000000,1.609043,16.842357,-1.257193,15,1.271530,16.900640,-2.150227,18
181197.500000,0.752352,16.728690,1.010329,15,0.527675,17.068859,-0.813717,18
181198.000000,0.742585,16.738807,1.026508,15,0.521747,17.090929,-0.961971,18
181198.500000,0.740052,16.757872,1.021995,15,0.479091,17.106454,-0.898401,18
181199.000000,0.747027,16.764111,1.000454,15,0.469922,17.183910,-0.962066,18
181199.500000,0.754984,16.782912,0.983336,15,0.594591,17.162778,-1.293050,18
181200.000000,0.753999,16.790793,0.992874,15,0.598536,17.229191,-1.254475,18
181200.500000,0.767193,16.796912,0.977972,15,0.524751,17.235599,-1.066156,18
181201.000000,0.772443,16.793341,0.974711,15,0.645280,17.175785,-1.140995,18
181201.500000,0.769078,16.777406,0.952509,15,0.610426,17.141885,-1.128916,18
181202.000000,0.771845,16.765026,0.963289,15,0.574564,16.914478,-1.249779,18
181202.500000,0.777786,16.757281,0.997596,14,0.600081,16.965101,-0.890805,18
181203.000000,0.775014,16.748742,0.996409,14,0.579507,16.949722,-0.779317,18
181203.500000,0.772660,16.741063,0.996118,14,0.621008,16.992932,-1.092673,18
181204.000000,0.778489,16.731455,1.012304,14,0.561350,16.920901,-1.124284,18
181204.500000,0.781795,16.718953,1.035280,14,0.572396,16.713550,-0.978894,18
181205.000000,0.785538,16.710195,1.028876,14,0.594374,16.739035,-0.901892,18
181205.500000,0.794269,16.702928,1.037100,14,0.586096,16.690332,-1.048137,18
181206.000000,0.800086,16.691499,1.038227,14,0.699971,16.706625,-1.016289,18
181206.500000,0.805802,16.687280,1.063506,14,0.571029,16.695567,-0.924239,18
181207.000000,0.809687,16.680597,1.068547,14,0.627740,16.875052,-0.619544,18
181207.500000,0.810623,16.672959,1.072907,14,0.581656,16.828543,-0.597439,18
181208.000000,0.812580,16.664162,1.063670,14,0.693825,16.679653,-1.007299,18
181208.500000,0.815157,16.656845,1.045624,14,0.729609,16.667230,-1.107869,18
181209.000000,0.818808,16.654618,1.049279,14,0.773291,16.721655,-1.341130,18
181209.500000,0.821756,16.651740,1.045428,14,0.821627,16.703907,-1.351211,18
181210.000000,0.825145,16.646015,1.044455,14,0.937472,16.791354,-1.426956,18
181210.500000,0.830607,16.640661,1.043775,14,1.013124,16.854785,-1.411321,18
181211.000000,0.833706,16.633313,1.039009,14,0.985295,16.781071,-1.581731,18
181211.500000,0.717802,16.942989,0.390048,15,0.938475,16.757514,-1.473628,18
181293.000000,0.964716,16.933665,-3.130194,15,0.961299,17.304676,-2.402380,17
181293.500000,0.974323,16.929819,-3.101607,15,0.943275,17.225119,-2.318530,17
181294.000000,0.974048,16.928971,-2.986309,15,0.981431,17.268376,-2.127965,17
181294.500000,0.967850,16.913692,-2.890788,15,0.953514,17.132522,-1.864073,17
181295.000000,0.959577,16.899834,-2.842907,15,0.908962,16.950817,-1.690873,17
181295.500000,0.953522,16.881510,-2.857913,15,0.892915,17.003868,-1.683672,17
181296.000000,0.943547,16.858831,-2.872143,15,0.920123,16.989813,-1.889992,17
181296.500000,0.935783,16.840818,-2.868300,15,0.871823,16.960437,-1.828330,17
181297.000000,0.937875,16.839245,-2.847330,15,0.878932,16.928204,-1.846533,17
181297.500000,0.943996,16.842676,-2.822127,15,0.961946,17.013237,-1.817297,17
181298.000000,0.945722,16.842532,-2.810652,15,0.976726,17.069878,-1.847559,17
181298.500000,0.953744,16.839194,-2.806515,15,0.964859,17.054125,-1.994709,17
181299.000000,0.967942,16.844093,-2.804376,15,1.061227,17.021300,-2.059880,17
181299.500000,0.980494,16.852076,-2.793505,15,1.177039,17.018271,-2.327215,17
283960.000000,1.360920,18.516526,-2.606655,14,0.460881,19.082437,-1.043972,17
283960.500000,1.378429,18.605188,-2.680626,14,0.654264,19.150875,-1.086754,17
283961.000000,1.402386,18.635733,-2.742799,14,0.840576,19.270092,-1.359702,17
283961.500000,1.411638,18.633539,-2.777030,14,0.804932,19.330700,-1.365963,17
283962.000000,1.411255,18.626186,-2.765731,14,0.758473,19.232290,-1.288579,17
283962.500000,1.415447,18.620747,-2.770266,14,0.759023,19.190204,-1.278257,17
283963.000000,1.398670,18.600743,-2.756989,14,0.722710,19.241559,-1.052679,17
283963.500000,1.367380,18.601306,-2.733153,14,0.549670,19.113084,-0.884502,16
283964.000000,1.334296,18.605416,-2.697343,14,0.514948,19.135289,-0.764883,16
283964.500000,1.307345,18.615865,-2.697277,14,0.513778,19.132650,-0.852367,17
283965.000000,1.290861,18.616949,-2.713406,14,0.471141,19.160135,-1.070088,17
283965.500000,1.278487,18.617015,-2.736732,14,0.500948,19.079630,-1.203847,17
283966.000000,1.263187,18.620360,-2.755813,14,0.557714,19.104372,-1.319036,17
283966.500000,1.259198,18.616690,-2.774703,14,0.576919,19.071620,-1.442399,17
283967.000000,1.257760,18.614501,-2.810533,14,0.691585,19.087960,-1.463602,17
283967.500000,1.255374,18.615837,-2.842162,14,0.588572,19.139278,-1.487175,16
283968.000000,1.248318,18.611261,-2.847335,14,0.692764,19.160327,-1.558596,16
283968.500000,1.244908,18.603429,-2.837538,14,0.520985,19.039592,-1.043366,17
283969.000000,1.236874,18.597389,-2.823092,14,0.418372,19.045806,-0.868814,17
283969.500000,1.227764,18.589493,-2.820650,14,0.468002,19.016145,-0.968439,17
283970.000000,1.218410,18.580959,-2.822905,14,0.292323,18.901910,-1.085090,17
283970.500000,1.219361,18.576022,-2.827547,14,0.306600,18.951710,-0.985491,17
283971.000000,1.207760,18.577761,-2.825615,14,0.368190,19.024148,-1.024693,17
283971.500000,1.195367,18.575605,-2.827811,14,0.353374,19.050908,-0.995590,17
283972.000000,1.178293,18.577556,-2.825206,14,0.240475,18.909069,-0.943329,17
283972.500000,1.165922,18.577970,-2.823299,14,0.094768,18.954515,-0.919495,17
283973.000000,1.149589,18.581758,-2.819525,14,0.100570,18.927258,-0.951901,17
283973.500000,1.134747,18.584515,-2.817988,14,0.068803,18.915503,-0.747971,17
283974.000000,1.127432,18.586122,-2.828368,14,0.082541,18.987288,-0.794417,17
283974.500000,1.119043,18.586043,-2.829499,14,0.239933,19.081911,-0.838062,17
283975.000000,1.116579,18.583205,-2.828817,14,0.241060,18.967090,-0.784562,17
283975.500000,1.113348,18.585567,-2.834096,14,0.229805,18.944290,-0.741182,17
283976.000000,1.111271,18.590689,-2.842238,14,0.328710,19.062991,-1.086554,17
283976.500000,1.104600,18.593490,-2.849435,14,0.279082,19.100271,-1.132387,17
283977.000000,1.105816,18.595538,-2.845454,14,0.215814,19.151816,-1.208623,17
283977.500000,1.100347,18.594452,-2.838254,14,0.274824,19.067376,-0.828928,17
283978.000000,1.098611,18.595891,-2.831020,14,0.154221,19.074474,-0.590176,17
283978.500000,1.096022,18.598107,-2.828603,14,0.112014,19.103432,-0.716569,17
283979.000000,1.090385,18.595724,-2.817295,14,0.136786,19.079682,-0.740261,17
283979.500000,1.084009,18.593751,-2.801082,14,0.163824,18.953010,-0.579309,17
283980.000000,1.081952,18.590471,-2.791429,14,0.100937,18.901448,-0.660876,17
283980.500000,1.075284,18.590678,-2.781821,14,0.272684,18.823630,-0.769247,17
283981.000000,1.070919,18.591456,-2.772902,14,0.240807,18.941558,-0.867000,17
283981.500000,1.067010,18.590093,-2.765389,14,0.324738,18.906420,-0.711515,17
197364.000000,1.238080,14.926002,-2.879566,15,0.989233,15.934457,-3.568316,16
197364.500000,1.238628,14.926115,-2.881857,15,0.989028,15.932756,-3.575551,16
197365.000000,1.235267,14.928180,-2.876604,15,0.978675,15.963413,-3.584160,16
197365.500000,1.233939,14.930099,-2.870320,15,0.979056,15.961902,-3.582989,16
197366.000000,1.231497,14.933266,-2.867727,15,0.970199,15.979798,-3.579773,16
197366.500000,1.234378,14.936264,-2.871482,15,0.971791,15.978731,-3.581315,16
197367.000000,1.232494,14.937986,-2.864369,15,0.966221,15.990461,-3.580785,16
197367.500000,1.230829,14.936773,-2.858312,15,0.966306,15.993321,-3.581787,16
197368.000000,1.229113,14.934907,-2.855657,15,0.965763,15.990904,-3.581256,16
197368.500000,1.228775,14.940533,-2.862312,15,0.962362,15.999669,-3.578067,16
197369.000000,1.230705,14.941734,-2.856640,15,0.960831,16.001269,-3.581989,16
197369.500000,1.233661,14.941305,-2.855072,15,0.956630,16.006658,-3.571379,16
197370.000000,1.233560,14.943732,-2.859870,15,0.958599,16.003947,-3.569912,16
197370.500000,1.230333,14.944431,-2.859741,15,0.954636,16.011962,-3.569510,16
197371.000000,1.231781,14.948684,-2.859967,15,0.952735,16.012701,-3.571056,16
197371.500000,1.229742,14.948441,-2.860436,15,0.948101,16.018571,-3.564894,16
197372.000000,1.228921,14.949546,-2.857203,15,0.946225,16.018864,-3.566815,16
197372.500000,1.227514,14.951545,-2.858019,15,0.940507,16.021655,-3.557941,16
197373.000000,1.227111,14.956982,-2.864792,15,0.939269,16.022958,-3.557397,16
197373.500000,1.226606,14.954967,-2.870384,15,0.932501,16.027807,-3.557753,16
197374.000000,1.224678,14.958489,-2.869727,15,0.931423,16.025175,-3.555257,16
197374.500000,1.225988,14.957706,-2.870649,15,0.925592,16.027188,-3.548439,16
197375.000000,1.223987,14.956498,-2.871548,15,0.925826,16.026597,-3.540489,16
197375.500000,1.226109,14.957514,-2.875919,15,0.918880,16.028488,-3.537131,16
197376.000000,1.224941,14.954931,-2.874976,15,0.916974,16.030988,-3.541784,16
197376.500000,1.224554,14.958119,-2.879739,15,0.911583,16.028368,-3.540848,16
197377.000000,1.223144,14.956629,-2.874254,15,0.909096,16.030225,-3.543720,16
197377.500000,1.224626,14.962848,-2.886449,15,0.904101,16.028567,-3.540660,16
197378.000000,1.222805,14.961410,-2.882484,15,0.901099,16.033688,-3.540577,16
197378.500000,1.219640,14.963478,-2.887206,15,0.896126,16.031677,-3.540138,16
197379.000000,1.220832,14.963634,-2.887981,15,0.894309,16.033007,-3.540033,16
197379.500000,1.219148,14.964249,-2.890054,15,0.885992,16.032625,-3.537742,16
197380.000000,1.217776,14.963756,-2.893955,15,0.886814,16.033710,-3.536254,16
197380.500000,1.218081,14.963875,-2.893889,15,0.879874,16.032366,-3.534621,16
197381.000000,1.216494,14.964485,-2.896636,15,0.878009,16.031356,-3.534057,16
197381.500000,1.215244,14.961947,-2.892226,15,0.873433,16.028075,-3.533947,16
197382.000000,1.214312,14.964530,-2.895401,15,0.872841,16.026354,-3.532337,16
197382.500000,1.214453,14.964178,-2.895802,15,0.868025,16.025251,-3.529585,16
197383.000000,1.213284,14.966684,-2.893834,15,0.868941,16.021702,-3.526942,16
197383.500000,1.213146,14.967711,-2.896295,15,0.862972,16.019728,-3.521737,16
197384.000000,1.213376,14.965044,-2.896750,15,0.861171,16.018485,-3.522975,16
197384.500000,1.215083,14.966158,-2.900236,15,0.855449,16.011860,-3.519211,16
197385.000000,1.216466,14.964624,-2.901600,15,0.855166,16.012878,-3.522721,16
197385.500000,1.217331,14.965719,-2.901144,15,0.854016,16.013984,-3.521309,16
197386.000000,1.217789,14.965047,-2.903989,15,0.849696,16.010752,-3.513020,16
197386.500000,1.218108,14.966395,-2.908858,15,0.849434,16.011503,-3.514233,16
197387.000000,1.219250,14.969482,-2.913889,15,0.845603,16.007240,-3.508580,16
197387.500000,1.220411,14.970114,-2.914995,15,0.846282,16.008994,-3.512767,16
197388.000000,1.218670,14.966228,-2.910960,15,0.839718,16.004690,-3.507428,16
197388.500000,1.219664,14.966358,-2.913480,15,0.836408,16.004961,-3.505867,16
197389.000000,1.218899,14.965844,-2.913925,15,0.833493,16.001004,-3.501069,16
197389.500000,1.220402,14.966285,-2.916720,15,0.832014,15.999563,-3.501442,16
197390.000000,1.221748,14.967264,-2.916296,15,0.829415,15.996837,-3.493528,16
197390.500000,1.223861,14.967435,-2.918342,15,0.829491,15.996882,-3.493507,16
197391.000000,1.225231,14.967754,-2.920261,15,0.827607,15.992828,-3.481222,16
197391.500000,1.223359,14.968189,-2.912115,15,0.830214,15.993687,-3.475536,16
197392.000000,1.225111,14.966623,-2.917207,15,0.827932,15.985764,-3.460517,16
197392.500000,1.224816,14.965891,-2.913441,15,0.828336,15.985173,-3.456371,16
197393.000000,1.227132,14.966002,-2.914389,15,0.828037,15.980754,-3.446033,16
197393.500000,1.223587,14.964719,-2.909454,15,0.826885,15.981409,-3.446887,16
197394.000000,1.222015,14.964848,-2.902432,15,0.822831,15.976377,-3.437065,16
197394.500000,1.226293,14.963322,-2.906055,15,0.823110,15.975586,-3.435190,16
197395.000000,1.225064,14.966331,-2.908814,15,0.823787,15.973955,-3.422092,16
197395.500000,1.226347,14.963876,-2.902908,15,0.821728,15.974499,-3.425219,16
197396.000000,1.230733,14.964101,-2.902882,15,0.822150,15.970821,-3.408747,16
197396.500000,1.230953,14.961457,-2.896186,15,0.822729,15.968132,-3.401932,16
197397.000000,1.232711,14.960351,-2.899716,15,0.820698,15.966592,-3.401321,16
197397.500000,1.234404,14.960135,-2.893996,15,0.821973,15.966165,-3.391669,16
197398.000000,1.233914,14.958976,-2.893455,15,0.822346,15.966160,-3.387959,16
197398.500000,1.236657,14.957726,-2.884763,15,0.821492,15.959797,-3.374554,16
197399.000000,1.235809,14.955232,-2.880403,15,0.820750,15.963127,-3.373612,16
197399.500000,1.238945,14.958337,-2.884932,15,0.822826,15.960953,-3.363601,16
197400.000000,1.239854,14.957209,-2.882680,15,0.821596,15.963479,-3.366111,16
197400.500000,1.239736,14.954472,-2.877178,15,0.823842,15.961467,-3.356167,16
197401.000000,1.241355,14.957395,-2.878964,15,0.822083,15.958994,-3.356498,16
197401.500000,1.242553,14.952886,-2.871801,15,0.822147,15.959233,-3.356691,16
197402.000000,1.242473,14.952403,-2.872050,15,0.823057,15.951130,-3.340287,16
197402.500000,1.244114,14.951289,-2.866901,15,0.821231,15.952355,-3.345091,16
197403.000000,1.246264,14.950678,-2.871664,15,0.821231,15.952355,-3.345091,16
197403.500000,1.248142,14.950152,-2.868932,15,0.824839,15.948572,-3.337356,16
197404.000000,1.250157,14.950432,-2.865249,15,0.824736,15.948784,-3.334725,16
197404.500000,1.250704,14.946090,-2.860796,15,0.828110,15.945731,-3.325366,16
197405.000000,1.251439,14.948595,-2.864754,15,0.827047,15.945126,-3.324469,16
197405.500000,1.254035,14.946136,-2.859530,15,0.827445,15.942846,-3.313349,16
197406.000000,1.255232,14.949648,-2.859879,15,0.829087,15.941322,-3.314777,16
197406.500000,1.254129,14.947698,-2.855351,15,0.832499,15.939579,-3.302721,16
197407.000000,1.254127,14.948394,-2.859115,15,0.830896,15.938173,-3.305189,16
197407.500000,1.257400,14.943382,-2.846049,15,0.830315,15.937785,-3.305978,16
197408.000000,1.255657,14.946583,-2.844398,15,0.835802,15.934008,-3.290661,16
197408.500000,1.256399,14.946092,-2.841838,15,0.834680,15.936055,-3.288133,16
197409.000000,1.258183,14.944598,-2.839690,15,0.838723,15.932513,-3.277694,16
197409.500000,1.256824,14.942739,-2.839158,15,0.837546,15.930862,-3.274617,16
197410.000000,1.259472,14.939138,-2.834423,15,0.839993,15.927600,-3.262783,16
197410.500000,1.263442,14.943364,-2.839647,15,0.839227,15.922713,-3.259495,16
197411.000000,1.265041,14.939327,-2.837377,15,0.847606,15.920921,-3.251777,16
197411.500000,1.269165,14.940318,-2.837977,15,0.848699,15.920094,-3.256543,16
197412.000000,1.269103,14.940326,-2.836064,15,0.851665,15.916238,-3.244658,16
197412.500000,1.268235,14.938198,-2.834562,15,0.851502,15.915384,-3.243949,16
197413.000000,1.272643,14.940234,-2.834326,15,0.855770,15.914405,-3.238379,16
197413.500000,1.275156,14.941149,-2.832882,15,0.857066,15.914006,-3.236632,16
199082.500000,0.945773,15.018084,-4.207114,14,0.789713,15.680286,-3.280605,15
199083.000000,0.938065,15.010830,-4.211492,14,0.788963,15.677054,-3.286109,15
199083.500000,0.936252,15.008063,-4.209087,14,0.788385,15.686834,-3.208956,15
199084.000000,0.939325,15.011783,-4.218792,14,0.790375,15.685925,-3.206772,15
199084.500000,0.938258,15.015480,-4.227009,14,0.793929,15.697023,-3.170533,15
199085.000000,0.936349,15.013472,-4.228753,14,0.795436,15.698177,-3.172074,15
199085.500000,0.938898,15.015441,-4.232210,14,0.796121,15.702004,-3.148068,15
199086.000000,0.940731,15.015572,-4.246648,14,0.797723,15.701863,-3.147499,15
199086.500000,0.939250,15.020889,-4.242912,14,0.798239,15.703054,-3.124684,15
199087.000000,0.939185,15.019778,-4.250305,14,0.798239,15.703054,-3.124684,15
199087.500000,0.936288,15.016263,-4.249599,14,0.797843,15.703566,-3.108157,15
199088.000000,0.936336,15.016035,-4.261666,14,0.796740,15.703600,-3.105772,15
199088.500000,0.934770,15.011888,-4.260830,14,0.797553,15.703268,-3.094196,15
199089.000000,0.934105,15.011915,-4.262172,14,0.798908,15.703700,-3.089155,15
199089.500000,0.937638,15.011064,-4.266461,14,0.799963,15.701798,-3.077922,15
199312.000000,0.337271,15.147160,-2.572068,0,0.337271,15.147160,-2.572068,13
199312.500000,0.337663,15.146629,-2.569986,0,0.337663,15.146629,-2.569986,13
199313.000000,0.309127,15.137585,-2.401497,0,0.309127,15.137585,-2.401497,13
199313.500000,0.307238,15.139229,-2.400142,0,0.307238,15.139229,-2.400142,13
199314.000000,0.307903,15.138788,-2.398423,0,0.307903,15.138788,-2.398423,13
199314.500000,0.307903,15.138788,-2.398423,0,0.307903,15.138788,-2.398423,13
199315.000000,0.292885,15.129196,-2.323049,0,0.292885,15.129196,-2.323049,13
199315.500000,0.290995,15.127936,-2.320427,0,0.290995,15.127936,-2.320427,13
199316.000000,0.291027,15.127931,-2.320405,0,0.291027,15.127931,-2.320405,13
199316.500000,0.291027,15.127931,-2.320405,0,0.291027,15.127931,-2.320405,13
199317.000000,0.291027,15.127931,-2.320405,0,0.291027,15.127931,-2.320405,13
199317.500000,0.282638,15.123509,-2.288579,0,0.282638,15.123509,-2.288579,14
199318.000000,0.280953,15.123681,-2.290291,0,0.280953,15.123681,-2.290291,14
199318.500000,0.280953,15.123681,-2.290291,0,0.280953,15.123681,-2.290291,14
199319.000000,0.270857,15.125875,-2.273701,0,0.270857,15.125875,-2.273701,14
199319.500000,0.269514,15.128316,-2.285980,0,0.269514,15.128316,-2.285980,14
199320.000000,0.263693,15.129838,-2.274893,0,0.263693,15.129838,-2.274893,14
199320.500000,0.263575,15.127782,-2.271932,0,0.263575,15.127782,-2.271932,14
199321.000000,0.256594,15.131098,-2.265791,0,0.256594,15.131098,-2.265791,13
199321.500000,0.256594,15.131098,-2.265791,0,0.256594,15.131098,-2.265791,13
199322.000000,0.256721,15.132337,-2.262149,0,0.256721,15.132337,-2.262149,13
199322.500000,0.257167,15.129558,-2.258368,0,0.257167,15.129558,-2.258368,13
199323.000000,0.257167,15.129558,-2.258368,0,0.257167,15.129558,-2.258368,13
199323.500000,0.257997,15.130268,-2.255742,0,0.257997,15.130268,-2.255742,13
199324.000000,0.257996,15.130265,-2.255731,0,0.257996,15.130265,-2.255731,13
199324.500000,0.256825,15.132351,-2.250977,0,0.256825,15.132351,-2.250977,13
199325.000000,0.256623,15.132432,-2.254696,0,0.256623,15.132432,-2.254696,13
199325.500000,0.255143,15.136077,-2.253344,0,0.255143,15.136077,-2.253344,14
199326.000000,0.255151,15.136056,-2.253262,0,0.255151,15.136056,-2.253262,14
199326.500000,0.255151,15.136056,-2.253262,0,0.255151,15.136056,-2.253262,13
199327.000000,0.255151,15.136056,-2.253262,0,0.255151,15.136056,-2.253262,13
199327.500000,0.255206,15.137682,-2.247311,0,0.255206,15.137682,-2.247311,13
199328.000000,0.255204,15.137677,-2.247301,0,0.255204,15.137677,-2.247301,13
199328.500000,0.253748,15.137810,-2.239668,0,0.253748,15.137810,-2.239668,13
199329.000000,0.255541,15.137945,-2.241577,0,0.255541,15.137945,-2.241577,14
199329.500000,0.259478,15.134925,-2.229756,0,0.259478,15.134925,-2.229756,14
199330.000000,0.260908,15.133230,-2.227710,0,0.260908,15.133230,-2.227710,14
199330.500000,0.264032,15.129319,-2.212566,0,0.264032,15.129319,-2.212566,14
199331.000000,0.264140,15.131264,-2.213626,0,0.264140,15.131264,-2.213626,14
199331.500000,0.264131,15.131241,-2.213589,0,0.264131,15.131241,-2.213589,14
199332.000000,0.268597,15.127345,-2.204325,0,0.268597,15.127345,-2.204325,14
199332.500000,0.268682,15.130058,-2.200007,0,0.268682,15.130058,-2.200007,14
199333.000000,0.273113,15.127474,-2.191452,0,0.273113,15.127474,-2.191452,14
199333.500000,0.273695,15.132051,-2.193044,0,0.273695,15.132051,-2.193044,14
199375.000000,0.573395,15.167789,-2.163217,0,0.573395,15.167789,-2.163217,13
199375.500000,0.573395,15.167789,-2.163217,0,0.573395,15.167789,-2.163217,13
199376.000000,0.573395,15.167789,-2.163217,0,0.573395,15.167789,-2.163217,14
199376.500000,0.555566,15.150294,-1.990046,0,0.555566,15.150294,-1.990046,13
199377.000000,0.556768,15.150888,-1.989507,0,0.556768,15.150888,-1.989507,13
199377.500000,0.556768,15.150888,-1.989507,0,0.556768,15.150888,-1.989507,13
199378.000000,0.556768,15.150888,-1.989507,0,0.556768,15.150888,-1.989507,13
199378.500000,0.550286,15.145418,-1.890240,0,0.550286,15.145418,-1.890240,13
199379.000000,0.550434,15.145372,-1.894952,0,0.550434,15.145372,-1.894952,13
199379.500000,0.550402,15.144203,-1.896987,0,0.550402,15.144203,-1.896987,13
199380.000000,0.546368,15.141283,-1.833177,0,0.546368,15.141283,-1.833177,13
199380.500000,0.545796,15.143875,-1.834371,0,0.545796,15.143875,-1.834371,13
199381.000000,0.545795,15.143861,-1.834354,0,0.545795,15.143861,-1.834354,14
199381.500000,0.540957,15.145212,-1.783900,0,0.540957,15.145212,-1.783900,14
199382.000000,0.543237,15.145201,-1.780816,0,0.543237,15.145201,-1.780816,14
199382.500000,0.536552,15.142814,-1.738262,0,0.536552,15.142814,-1.738262,14
199383.000000,0.536768,15.146221,-1.735524,0,0.536768,15.146221,-1.735524,14
199383.500000,0.536697,15.143077,-1.736723,0,0.536697,15.143077,-1.736723,14
199384.000000,0.531976,15.143792,-1.703551,0,0.531976,15.143792,-1.703551,14
199384.500000,0.531976,15.143792,-1.703551,0,0.531976,15.143792,-1.703551,14
199385.000000,0.532869,15.144587,-1.669609,0,0.532869,15.144587,-1.669609,14
199385.500000,0.531121,15.143220,-1.671290,0,0.531121,15.143220,-1.671290,14
199386.000000,0.531959,15.145697,-1.646319,0,0.531959,15.145697,-1.646319,14
199386.500000,0.531956,15.145694,-1.646408,0,0.531956,15.145694,-1.646408,13
199387.000000,0.531956,15.145694,-1.646408,0,0.531956,15.145694,-1.646408,13
199387.500000,0.530390,15.148949,-1.629512,0,0.530390,15.148949,-1.629512,13
199388.000000,0.530390,15.148949,-1.629512,0,0.530390,15.148949,-1.629512,13
199388.500000,0.528361,15.154362,-1.607763,0,0.528361,15.154362,-1.607763,13
199389.000000,0.529987,15.154274,-1.606535,0,0.529987,15.154274,-1.606535,13
199389.500000,0.529987,15.154274,-1.606535,0,0.529987,15.154274,-1.606535,13
199390.000000,0.529393,15.158165,-1.592170,0,0.529393,15.158165,-1.592170,13
199390.500000,0.530544,15.157962,-1.589203,0,0.530544,15.157962,-1.589203,13
199391.000000,0.530538,15.157963,-1.589238,0,0.530538,15.157963,-1.589238,14
199391.500000,0.531190,15.160855,-1.569729,0,0.531190,15.160855,-1.569729,14
199392.000000,0.530479,15.162279,-1.570070,0,0.530479,15.162279,-1.570070,14
199392.500000,0.530479,15.162279,-1.570070,0,0.530479,15.162279,-1.570070,14
272967.000000,1.333111,17.078023,-3.287427,0,1.333111,17.078023,-3.287427,15
272967.500000,1.335609,17.113414,-3.284540,0,1.335609,17.113414,-3.284540,15
272968.000000,1.335020,17.115749,-3.289325,0,1.335020,17.115749,-3.289325,15
272968.500000,1.337148,17.136838,-3.289333,0,1.337148,17.136838,-3.289333,15
272969.000000,1.337446,17.136042,-3.289708,0,1.337446,17.136042,-3.289708,15
272969.500000,1.340392,17.154092,-3.290081,0,1.340392,17.154092,-3.290081,15
272970.000000,1.339871,17.151894,-3.285446,0,1.339871,17.151894,-3.285446,15
272970.500000,1.339349,17.163556,-3.285155,0,1.339349,17.163556,-3.285155,15
272971.000000,1.342038,17.166153,-3.281436,0,1.342038,17.166153,-3.281436,15
272971.500000,1.342070,17.174860,-3.282725,0,1.342070,17.174860,-3.282725,15
272972.000000,1.343147,17.173154,-3.287854,0,1.343147,17.173154,-3.287854,15
272972.500000,1.341383,17.180467,-3.284720,0,1.341383,17.180467,-3.284720,15
272973.000000,1.341273,17.180474,-3.282915,0,1.341273,17.180474,-3.282915,15
273393.000000,0.771298,15.859516,0.895498,15,1.405531,16.710145,-2.440518,17
273393.500000,0.763032,15.877063,0.869481,15,1.400826,16.742058,-2.451345,17
273394.000000,0.772375,15.880968,0.877863,15,1.400716,16.742895,-2.451679,17
273394.500000,0.768378,15.879258,0.849288,15,1.400053,16.762069,-2.464811,17
273395.000000,0.772175,15.877071,0.856622,15,1.396458,16.760981,-2.465875,17
273395.500000,0.766141,15.870320,0.847768,15,1.401798,16.774787,-2.467910,17
273396.000000,0.767869,15.867341,0.866658,15,1.402292,16.776450,-2.472231,17
273396.500000,0.759962,15.877024,0.838068,15,1.405212,16.784011,-2.469663,17
273397.000000,0.766461,15.886691,0.832588,15,1.404431,16.787538,-2.474052,17
273397.500000,0.765695,15.890812,0.835886,15,1.406560,16.793787,-2.473724,17
273519.000000,0.948039,15.439089,-3.433519,15,1.209016,16.556012,-3.098687,16
273519.500000,0.942009,15.441836,-3.450328,15,1.217331,16.558860,-3.101930,16
273520.000000,0.935643,15.438408,-3.459231,15,1.191598,16.674373,-3.135712,16
273520.500000,0.931641,15.437529,-3.461459,15,1.182323,16.712024,-3.155846,16
273521.000000,0.924822,15.438266,-3.479621,15,1.187883,16.714010,-3.157563,16
273521.500000,0.926954,15.444296,-3.501266,15,1.185630,16.712946,-3.161398,16
273522.000000,0.922260,15.452626,-3.505769,15,1.179868,16.734546,-3.175017,16
273522.500000,0.926412,15.458043,-3.498126,15,1.177816,16.735810,-3.178676,16
273523.000000,0.933824,15.453437,-3.498863,15,1.175531,16.751636,-3.190324,16
273523.500000,0.936567,15.446184,-3.497089,15,1.173379,16.747848,-3.190796,16
273524.000000,0.935821,15.450496,-3.500080,15,1.173250,16.757228,-3.199412,16
273524.500000,0.937179,15.448274,-3.492517,15,1.171820,16.755267,-3.197377,16
273525.000000,0.941504,15.455017,-3.487471,15,1.171794,16.755251,-3.197360,16
273525.500000,0.944412,15.455715,-3.461291,15,1.171240,16.764471,-3.209026,16
273526.000000,0.945052,15.446469,-3.459188,15,1.173483,16.766343,-3.209139,16
273526.500000,0.941388,15.455230,-3.464391,15,1.177499,16.775617,-3.216096,16
273527.000000,0.953578,15.447652,-3.438509,15,1.177718,16.776555,-3.215143,16
273527.500000,0.948161,15.442042,-3.445973,15,1.178291,16.782012,-3.221257,16
273528.000000,0.958340,15.442154,-3.416124,15,1.180235,16.780061,-3.218758,16
273528.500000,0.960895,15.437099,-3.408681,15,1.182750,16.793351,-3.226374,16
273566.500000,0.875541,15.426004,-3.268682,15,1.105820,16.781323,-3.256729,16
273567.000000,0.877250,15.420619,-3.253987,15,1.107982,16.781407,-3.255100,16
273567.500000,0.879701,15.415175,-3.230641,15,1.098437,16.822238,-3.274367,16
273568.000000,0.878976,15.417044,-3.220314,15,1.097056,16.823480,-3.275764,16
273568.500000,0.876726,15.421922,-3.218076,15,1.090173,16.843994,-3.285823,16
273569.000000,0.876630,15.427429,-3.221492,15,1.091129,16.844434,-3.288270,16
273569.500000,0.867923,15.423173,-3.223446,15,1.086514,16.857950,-3.292815,16
273675.500000,1.020558,15.585968,-2.359235,15,0.921803,16.639580,-3.017101,16
273676.000000,1.026187,15.592864,-2.362949,15,0.921930,16.638122,-3.014280,16
273676.500000,1.029287,15.609745,-2.366041,15,0.910965,16.674155,-3.030850,16
273677.000000,1.028261,15.613163,-2.374107,15,0.912090,16.674274,-3.029443,16
273677.500000,1.039465,15.611691,-2.357219,15,0.904180,16.696079,-3.038931,16
273678.000000,1.040032,15.611881,-2.363724,15,0.906196,16.697540,-3.037609,16
273678.500000,1.047887,15.614891,-2.341334,15,0.903229,16.713387,-3.045372,16
273679.000000,1.055328,15.614822,-2.348529,15,0.903845,16.713100,-3.042325,16
273679.500000,1.065044,15.622454,-2.352192,15,0.906902,16.722816,-3.049892,16
273680.000000,1.070013,15.619638,-2.324322,15,0.906038,16.721156,-3.058929,16
273680.500000,1.076457,15.624849,-2.308986,15,0.905457,16.727139,-3.056415,16
273681.000000,1.070592,15.633279,-2.317503,15,0.904928,16.724985,-3.052998,16
273681.500000,1.082071,15.639024,-2.315794,15,0.905713,16.729839,-3.058207,16
276563.000000,0.354436,15.112386,-4.109000,13,0.440025,16.179181,-3.548346,14
276563.500000,0.354423,15.116469,-4.098160,13,0.442738,16.167299,-3.562534,14
276564.000000,0.351247,15.118589,-4.081133,13,0.484380,16.313735,-3.340567,13
276564.500000,0.345898,15.108547,-4.078104,13,0.480910,16.313436,-3.339691,13
276565.000000,0.346174,15.113491,-4.089042,13,0.497844,16.359126,-3.258243,13
276565.500000,0.347308,15.107900,-4.070501,13,0.496045,16.363095,-3.256606,13
276566.000000,0.343554,15.100263,-4.057526,13,0.505867,16.383349,-3.224091,13
276566.500000,0.338475,15.087930,-4.070044,13,0.505335,16.383059,-3.225571,13
276567.000000,0.342648,15.077461,-4.072153,13,0.509180,16.395952,-3.204675,13
276567.500000,0.338201,15.076641,-4.082214,13,0.507970,16.398000,-3.205240,13
276568.000000,0.342512,15.071439,-4.066816,13,0.508542,16.407873,-3.188932,13
276568.500000,0.347975,15.070602,-4.034472,13,0.508452,16.408838,-3.190509,13
276569.000000,0.350013,15.070919,-4.028242,13,0.506278,16.416158,-3.176591,13
276569.500000,0.350404,15.076271,-4.041714,13,0.507120,16.413567,-3.176672,13
276570.000000,0.351959,15.073887,-4.019008,13,0.507486,16.415258,-3.171719,13
276570.500000,0.341293,15.094915,-4.024340,13,0.507440,16.417006,-3.170532,13
276571.000000,0.341692,15.088662,-4.014626,13,0.507727,16.420838,-3.160708,13
276571.500000,0.346284,15.084250,-4.006869,13,0.506273,16.419684,-3.162526,13
276572.000000,0.342823,15.087890,-4.020091,13,0.505451,16.423923,-3.157696,13
276572.500000,0.349490,15.076712,-4.011277,13,0.506114,16.424738,-3.154548,13
276573.000000,0.356179,15.065033,-4.014603,13,0.506885,16.426112,-3.152507,13
276573.500000,0.365105,15.060240,-3.988340,13,0.507930,16.425101,-3.157411,13
276735.500000,0.260918,15.452532,-2.976785,12,0.000000,20411.953085,-6370724.342585,14
276736.000000,0.261136,15.458873,-2.987537,12,0.318387,16.258931,-3.464835,14
276736.500000,0.255675,15.464192,-2.987883,12,0.316366,16.259042,-3.462017,14
276737.000000,0.257777,15.453253,-3.003561,12,0.316366,16.259042,-3.462017,14
276737.500000,0.251258,15.455419,-3.018572,12,0.324209,16.298009,-3.373829,14
276738.000000,0.253549,15.455622,-3.038253,12,0.324060,16.297635,-3.370349,14
276738.500000,0.256659,15.474685,-3.041600,12,0.329131,16.317832,-3.334476,14
276739.000000,0.261174,15.466811,-3.046514,12,0.325382,16.320181,-3.326187,14
276739.500000,0.256542,15.463498,-3.062937,12,0.329400,16.335005,-3.303068,14
276740.000000,0.262881,15.460605,-3.081953,12,0.328860,16.334066,-3.304532,14
276740.500000,0.270447,15.454813,-3.101804,12,0.333515,16.341693,-3.292340,14
276889.500000,0.598635,15.854548,-3.193200,12,0.705222,16.556496,-3.673498,14
276890.000000,0.598811,15.863222,-3.206913,12,0.703313,16.557080,-3.675593,14
276890.500000,0.601575,15.851711,-3.204219,12,0.716400,16.600741,-3.569984,14
276891.000000,0.607743,15.830598,-3.194269,12,0.716399,16.600745,-3.569976,14
276891.500000,0.604725,15.829319,-3.202628,12,0.720203,16.623498,-3.511817,14
276892.000000,0.603759,15.826847,-3.197812,12,0.720028,16.624666,-3.512054,14
276892.500000,0.607047,15.836340,-3.199142,12,0.722873,16.637968,-3.477187,14
276893.000000,0.607671,15.822560,-3.186705,12,0.727016,16.639967,-3.479462,14
276893.500000,0.604290,15.822953,-3.195968,12,0.725278,16.642326,-3.480530,14
277013.500000,0.328070,15.494415,-3.627129,12,0.393490,16.254851,-4.117421,14
277014.000000,0.330585,15.485903,-3.622418,12,0.392514,16.258940,-4.126113,14
277014.500000,0.340535,15.482286,-3.624502,12,0.411545,16.306663,-4.005035,14
277015.000000,0.337995,15.483745,-3.616573,12,0.413162,16.306424,-4.006095,14
277015.500000,0.336003,15.496213,-3.639121,12,0.423336,16.331716,-3.939157,14
277016.000000,0.344170,15.488468,-3.635956,12,0.423554,16.331860,-3.939012,14
277016.500000,0.342518,15.486764,-3.640457,12,0.422442,16.332161,-3.944443,14
277165.500000,0.726658,15.891847,-3.906986,12,0.733553,16.598380,-4.203189,14
277166.000000,0.730784,15.892342,-3.917745,12,0.733331,16.596543,-4.206225,14
277166.500000,0.736399,15.898757,-3.927483,12,0.747181,16.638092,-4.110375,14
277167.000000,0.741193,15.892146,-3.942967,12,0.747257,16.637782,-4.108540,14
277167.500000,0.746512,15.902685,-3.948412,12,0.758516,16.661434,-4.065427,14
277168.000000,0.749384,15.916672,-3.941048,12,0.757696,16.660822,-4.063929,14
277168.500000,0.757492,15.932090,-3.946496,12,0.766604,16.677892,-4.040074,14
277169.000000,0.762264,15.959856,-3.952807,12,0.766604,16.677892,-4.040074,14
277169.500000,0.756882,15.973326,-3.963926,12,0.777241,16.698930,-4.025619,14
277170.000000,0.767295,15.971478,-3.968131,12,0.774681,16.699663,-4.026483,14
277170.500000,0.774530,15.989713,-3.973454,12,0.774674,16.699668,-4.026534,14
277171.000000,0.777203,16.002372,-3.960959,12,0.782914,16.721570,-4.017227,14
277171.500000,0.782045,16.016345,-3.961676,12,0.782808,16.720014,-4.016065,14
277172.000000,0.790007,16.012304,-3.954262,12,0.790696,16.735907,-4.006940,14
277172.500000,0.796166,16.007552,-3.972556,12,0.790678,16.733563,-4.006248,14
277173.000000,0.794810,16.023769,-3.983935,12,0.799314,16.746863,-4.008995,14
277173.500000,0.799321,16.018981,-3.985464,12,0.799353,16.746772,-4.008586,14
277174.000000,0.801145,16.022646,-3.984092,12,0.807358,16.761713,-4.006622,14
277174.500000,0.801879,16.040020,-3.988408,12,0.807946,16.760350,-4.010013,14
277175.000000,0.799845,16.053255,-3.991854,12,0.814015,16.773668,-4.007180,14
277175.500000,0.804540,16.061621,-3.996115,12,0.814401,16.774004,-4.009575,14
277176.000000,0.807376,16.053749,-3.995540,12,0.823964,16.784633,-4.008163,14
277176.500000,0.812703,16.056448,-4.017638,12,0.823475,16.783068,-4.005543,14
277177.000000,0.818696,16.064446,-4.020787,12,0.826553,16.797288,-4.006231,14
277177.500000,0.821405,16.079210,-4.008386,12,0.830785,16.796812,-4.009244,14
